mean = [0.56687369 0.44000871 0.39886727]
std = [0.2415682  0.2131414  0.19494878]

mean = [144.55279033, 112.20222174, 101.71115304]
std = [61.59989098, 54.35105821, 49.71193793]