mean = [0.56687369 0.44000871 0.39886727]
std = [0.2415682  0.2131414  0.19494878]

